9446377157
9947239524
9656047842
8281159332
9446771231
9744862351
8547815091
8289991034
9633703090
8289991035
9446469745
8714222115
9207997562
9447704094
8848521876
7736226308
9745050921
9061443239
9446613970
9207774976
9495773600
9446113911
8086322675
9497603193
9400600519
8547761150
7025544429
9400137451
7510290596
9995695666
9447517484
8281785307
7736828962
9446788104
9447304560
8281121667
9605047299
9496333721
9562173561
9995122789
8089770246
9.194E+11
9633884288
9747034365
9562021385
9497836766
9747744947
9497511888
9567398872
9447599519
8129219732
9846580639
8848447280
9633611298
9447026906
8075058655
9495118422
9947373160
8921490110
7907220234
9746542700
9633130562
9746617167
9633883665
9495879935
9947098497
9847868802
9656574906
9562059201
8289856552
9633813541
9567617553
9446170661
9496222808
8129595996
9526394216
9961754006
8848571048
8606681631
9249992901
9895994551
9495039982
8592068384
7561013105
9400473130
8547979309
9446620236
9847611095
9446241062
9447185298
9605918116
7560864267
9747578801
8848394995
7034784938
9496760440
8547104258
9447692074
9495757057
9495153315
8304847640
8078982091
8891349877
9544707831
9048954909
9447415015
9446517222
8589817731
7561070187
7034073368
8301868848